ops:50, 51, 54, 55, 58, 59, 62, 63, 66, 67, 70, 71, 74, 75, 78, 79, 82, 83, 86, 87, 90, 91, 94, 95,

ops:0, 55, 59, 63, 67, 71, 75, 79, 83, 87, 91, 95, 
ops:1, 54, 58, 62, 66, 70, 74, 78, 82, 86, 90, 94, 
ops:4, 51, 59, 63, 67, 71, 75, 79, 83, 87, 91, 95, 
ops:5, 50, 58, 62, 66, 70, 74, 78, 82, 86, 90, 94, 
ops:8, 51, 55, 63, 67, 71, 75, 79, 83, 87, 91, 95, 
ops:9, 50, 54, 62, 66, 70, 74, 78, 82, 86, 90, 94, 
ops:12, 51, 55, 59, 67, 71, 75, 79, 83, 87, 91, 95, 
ops:13, 50, 54, 58, 66, 70, 74, 78, 82, 86, 90, 94, 
ops:16, 51, 55, 59, 63, 71, 75, 79, 83, 87, 91, 95, 
ops:17, 50, 54, 58, 62, 70, 74, 78, 82, 86, 90, 94, 
ops:20, 51, 55, 59, 63, 67, 75, 79, 83, 87, 91, 95, 
ops:21, 50, 54, 58, 62, 66, 74, 78, 82, 86, 90, 94, 
ops:24, 51, 55, 59, 63, 67, 71, 79, 83, 87, 91, 95, 
ops:25, 50, 54, 58, 62, 66, 70, 78, 82, 86, 90, 94, 
ops:28, 51, 55, 59, 63, 67, 71, 75, 83, 87, 91, 95, 
ops:29, 50, 54, 58, 62, 66, 70, 74, 82, 86, 90, 94, 
ops:32, 51, 55, 59, 63, 67, 71, 75, 79, 87, 91, 95, 
ops:33, 50, 54, 58, 62, 66, 70, 74, 78, 86, 90, 94, 
ops:36, 51, 55, 59, 63, 67, 71, 75, 79, 83, 91, 95, 
ops:37, 50, 54, 58, 62, 66, 70, 74, 78, 82, 90, 94, 
ops:40, 51, 55, 59, 63, 67, 71, 75, 79, 83, 87, 95, 
ops:41, 50, 54, 58, 62, 66, 70, 74, 78, 82, 86, 94, 
ops:44, 51, 55, 59, 63, 67, 71, 75, 79, 83, 87, 91, 
ops:45, 50, 54, 58, 62, 66, 70, 74, 78, 82, 86, 90,
ops:0, 5, 
ops:0, 9, 
ops:0, 13, 
ops:0, 17, 
ops:0, 21, 
ops:0, 25, 
ops:0, 29, 
ops:0, 33, 
ops:0, 37, 
ops:0, 41, 
ops:0, 45, 
ops:4, 1, 
ops:8, 1, 
ops:12, 1, 
ops:16, 1, 
ops:20, 1, 
ops:24, 1, 
ops:28, 1, 
ops:32, 1, 
ops:36, 1, 
ops:40, 1, 
ops:44, 1, 
ops:4, 9, 
ops:4, 13, 
ops:4, 17, 
ops:4, 21, 
ops:4, 25, 
ops:4, 29, 
ops:4, 33, 
ops:4, 37, 
ops:4, 41, 
ops:4, 45, 
ops:8, 5, 
ops:12, 5, 
ops:16, 5, 
ops:20, 5, 
ops:24, 5, 
ops:28, 5, 
ops:32, 5, 
ops:36, 5, 
ops:40, 5, 
ops:44, 5, 
ops:8, 13, 
ops:8, 17, 
ops:8, 21, 
ops:8, 25, 
ops:8, 29, 
ops:8, 33, 
ops:8, 37, 
ops:8, 41, 
ops:8, 45, 
ops:12, 9, 
ops:16, 9, 
ops:20, 9, 
ops:24, 9, 
ops:28, 9, 
ops:32, 9, 
ops:36, 9, 
ops:40, 9, 
ops:44, 9, 
ops:12, 17, 
ops:12, 21, 
ops:12, 25, 
ops:12, 29, 
ops:12, 33, 
ops:12, 37, 
ops:12, 41, 
ops:12, 45, 
ops:16, 13, 
ops:20, 13, 
ops:24, 13, 
ops:28, 13, 
ops:32, 13, 
ops:36, 13, 
ops:40, 13, 
